76
23
88
36
11
86
23
39
61
62
9
97
35
82
84
62
71
95
17
97
4
45
25
36
69
43
60
50
33
46
58
9
70
99
98
33
85
73
24
99
35
86
96
22
68
32
84
91
27
53
88
31
50
13
19
71
56
80
21
89
78
31
51
0
30
1
86
16
74
10
67
61
48
15
35
68
47
71
60
26
76
0
9
26
14
28
97
22
60
70
12
91
1
15
43
84
16
29
52
42
92
19
55
40
34
42
61
81
13
73
7
89
73
16
67
87
96
64
10
9
86
74
52
87
89
95
71
57
25
23
51
69
94
58
61
28
0
22
9
13
95
68
54
69
36
21
8
33
37
18
94
23
44
46
10
85
41
34
42
18
9
45
87
4
3
1
84
3
23
94
68
71
14
74
92
51
95
0
36
32
71
82
55
15
28
18
53
21
4
47
92
65
93
31
21
96
32
6
52
8
